% start	end	CellId	IMSI	RNTI	LCID	nTxPDUs	TxBytes	nRxPDUs	RxBytes	delay	stdDev	min	max	PduSize	stdDev	min	max
0	0.25	1	1	14	3	171	46037	168	45206	0.00471429	0	0.00471429	0.00471429	269.083	45.3365	11	277	
0	0.25	1	2	2	3	179	48335	176	47504	0.00471429	0	0.00471429	0.00471429	269.909	48.5395	11	373	
0	0.25	1	3	3	3	179	48335	175	47227	0.00471429	0	0.00471429	0.00471429	269.869	48.6758	11	373	
0	0.25	1	4	12	3	172	46314	168	45206	0.00471429	0	0.00471429	0.00471429	269.083	45.3365	11	277	
0	0.25	1	5	15	3	170	45760	167	44929	0.00471429	0	0.00471429	0.00471429	269.036	45.4686	11	277	
0	0.25	1	6	1	3	179	48431	176	47600	0.00471429	0	0.00471429	0.00471429	270.455	49.1551	11	373	
0	0.25	1	7	21	3	149	41273	146	40442	0.00471429	0	0.00471429	0.00471429	277	0	277	277	
0	0.25	1	8	28	3	144	39888	141	39057	0.00471429	0	0.00471429	0.00471429	277	0	277	277	
0	0.25	1	9	22	3	149	41273	146	40442	0.00471429	0	0.00471429	0.00471429	277	0	277	277	
0	0.25	1	10	24	3	147	40719	144	39888	0.00471429	0	0.00471429	0.00471429	277	0	277	277	
0.25	0.5	1	1	14	3	200	55400	200	55400	0.00471429	0	0.00471429	0.00471429	277	0	277	277	
0.25	0.5	1	2	2	3	200	55400	200	55400	0.00471429	0	0.00471429	0.00471429	277	0	277	277	
0.25	0.5	1	3	3	3	200	55400	200	55400	0.00471429	0	0.00471429	0.00471429	277	0	277	277	
0.25	0.5	1	4	12	3	200	55400	200	55400	0.00471429	0	0.00471429	0.00471429	277	0	277	277	
0.25	0.5	1	5	15	3	200	55400	200	55400	0.00471429	0	0.00471429	0.00471429	277	0	277	277	
0.25	0.5	1	6	1	3	200	55400	200	55400	0.00471429	0	0.00471429	0.00471429	277	0	277	277	
0.25	0.5	1	7	21	3	200	55400	200	55400	0.00471429	0	0.00471429	0.00471429	277	0	277	277	
0.25	0.5	1	8	28	3	200	55400	200	55400	0.00471429	0	0.00471429	0.00471429	277	0	277	277	
0.25	0.5	1	9	22	3	200	55400	200	55400	0.00471429	0	0.00471429	0.00471429	277	0	277	277	
0.25	0.5	1	10	24	3	200	55400	200	55400	0.00471429	0	0.00471429	0.00471429	277	0	277	277	
0.5	0.75	1	1	14	3	200	55400	200	55400	0.00471429	0	0.00471429	0.00471429	277	0	277	277	
0.5	0.75	1	2	2	3	200	55400	200	55400	0.00471429	0	0.00471429	0.00471429	277	0	277	277	
0.5	0.75	1	3	3	3	200	55400	200	55400	0.00471429	0	0.00471429	0.00471429	277	0	277	277	
0.5	0.75	1	4	12	3	200	55400	200	55400	0.00471429	0	0.00471429	0.00471429	277	0	277	277	
0.5	0.75	1	5	15	3	200	55400	200	55400	0.00471429	0	0.00471429	0.00471429	277	0	277	277	
0.5	0.75	1	6	1	3	200	55400	200	55400	0.00471429	0	0.00471429	0.00471429	277	0	277	277	
0.5	0.75	1	7	21	3	200	55400	200	55400	0.00471429	0	0.00471429	0.00471429	277	0	277	277	
0.5	0.75	1	8	28	3	200	55400	200	55400	0.00471429	0	0.00471429	0.00471429	277	0	277	277	
0.5	0.75	1	9	22	3	200	55400	200	55400	0.00471429	0	0.00471429	0.00471429	277	0	277	277	
0.5	0.75	1	10	24	3	200	55400	200	55400	0.00471429	0	0.00471429	0.00471429	277	0	277	277	
0.75	1	1	1	14	3	200	55400	200	55400	0.00471429	0	0.00471429	0.00471429	277	0	277	277	
0.75	1	1	2	2	3	200	55400	200	55400	0.00471429	0	0.00471429	0.00471429	277	0	277	277	
0.75	1	1	3	3	3	200	55400	200	55400	0.00471429	0	0.00471429	0.00471429	277	0	277	277	
0.75	1	1	4	12	3	200	55400	200	55400	0.00471429	0	0.00471429	0.00471429	277	0	277	277	
0.75	1	1	5	15	3	200	55400	200	55400	0.00471429	0	0.00471429	0.00471429	277	0	277	277	
0.75	1	1	6	1	3	200	55400	200	55400	0.00471429	0	0.00471429	0.00471429	277	0	277	277	
0.75	1	1	7	21	3	200	55400	200	55400	0.00471429	0	0.00471429	0.00471429	277	0	277	277	
0.75	1	1	8	28	3	200	55400	200	55400	0.00471429	0	0.00471429	0.00471429	277	0	277	277	
0.75	1	1	9	22	3	200	55400	200	55400	0.00471429	0	0.00471429	0.00471429	277	0	277	277	
0.75	1	1	10	24	3	200	55400	200	55400	0.00471429	0	0.00471429	0.00471429	277	0	277	277	
1	1.25	1	1	14	3	200	55400	200	55400	0.00471429	0	0.00471429	0.00471429	277	0	277	277	
1	1.25	1	2	2	3	200	55400	200	55400	0.00471429	0	0.00471429	0.00471429	277	0	277	277	
1	1.25	1	3	3	3	200	55400	200	55400	0.00471429	0	0.00471429	0.00471429	277	0	277	277	
1	1.25	1	4	12	3	200	55400	200	55400	0.00471429	0	0.00471429	0.00471429	277	0	277	277	
1	1.25	1	5	15	3	200	55400	200	55400	0.00471429	0	0.00471429	0.00471429	277	0	277	277	
1	1.25	1	6	1	3	200	55400	200	55400	0.00471429	0	0.00471429	0.00471429	277	0	277	277	
1	1.25	1	7	21	3	200	55400	200	55400	0.00471429	0	0.00471429	0.00471429	277	0	277	277	
1	1.25	1	8	28	3	200	55400	200	55400	0.00471429	0	0.00471429	0.00471429	277	0	277	277	
1	1.25	1	9	22	3	200	55400	200	55400	0.00471429	0	0.00471429	0.00471429	277	0	277	277	
1	1.25	1	10	24	3	200	55400	200	55400	0.00471429	0	0.00471429	0.00471429	277	0	277	277	
1.25	1.5	1	1	14	3	200	55400	200	55400	0.00471429	0	0.00471429	0.00471429	277	0	277	277	
1.25	1.5	1	2	2	3	200	55400	200	55400	0.00471429	0	0.00471429	0.00471429	277	0	277	277	
1.25	1.5	1	3	3	3	200	55400	200	55400	0.00471429	0	0.00471429	0.00471429	277	0	277	277	
1.25	1.5	1	4	12	3	200	55400	200	55400	0.00471429	0	0.00471429	0.00471429	277	0	277	277	
1.25	1.5	1	5	15	3	200	55400	200	55400	0.00471429	0	0.00471429	0.00471429	277	0	277	277	
1.25	1.5	1	6	1	3	200	55400	200	55400	0.00471429	0	0.00471429	0.00471429	277	0	277	277	
1.25	1.5	1	7	21	3	200	55400	200	55400	0.00471429	0	0.00471429	0.00471429	277	0	277	277	
1.25	1.5	1	8	28	3	200	55400	200	55400	0.00471429	0	0.00471429	0.00471429	277	0	277	277	
1.25	1.5	1	9	22	3	200	55400	200	55400	0.00471429	0	0.00471429	0.00471429	277	0	277	277	
1.25	1.5	1	10	24	3	200	55400	200	55400	0.00471429	0	0.00471429	0.00471429	277	0	277	277	
1.5	1.75	1	1	14	3	200	55400	200	55400	0.00471429	0	0.00471429	0.00471429	277	0	277	277	
1.5	1.75	1	2	2	3	200	55400	200	55400	0.00471429	0	0.00471429	0.00471429	277	0	277	277	
1.5	1.75	1	3	3	3	200	55400	200	55400	0.00471429	0	0.00471429	0.00471429	277	0	277	277	
1.5	1.75	1	4	12	3	200	55400	200	55400	0.00471429	0	0.00471429	0.00471429	277	0	277	277	
1.5	1.75	1	5	15	3	200	55400	200	55400	0.00471429	0	0.00471429	0.00471429	277	0	277	277	
1.5	1.75	1	6	1	3	200	55400	200	55400	0.00471429	0	0.00471429	0.00471429	277	0	277	277	
1.5	1.75	1	7	21	3	200	55400	200	55400	0.00471429	0	0.00471429	0.00471429	277	0	277	277	
1.5	1.75	1	8	28	3	200	55400	200	55400	0.00471429	0	0.00471429	0.00471429	277	0	277	277	
1.5	1.75	1	9	22	3	200	55400	200	55400	0.00471429	0	0.00471429	0.00471429	277	0	277	277	
1.5	1.75	1	10	24	3	200	55400	200	55400	0.00471429	0	0.00471429	0.00471429	277	0	277	277	
1.75	2	1	1	14	3	200	55400	200	55400	0.00471429	0	0.00471429	0.00471429	277	0	277	277	
1.75	2	1	2	2	3	200	55400	200	55400	0.00471429	0	0.00471429	0.00471429	277	0	277	277	
1.75	2	1	3	3	3	200	55400	200	55400	0.00471429	0	0.00471429	0.00471429	277	0	277	277	
1.75	2	1	4	12	3	200	55400	200	55400	0.00471429	0	0.00471429	0.00471429	277	0	277	277	
1.75	2	1	5	15	3	200	55400	200	55400	0.00471429	0	0.00471429	0.00471429	277	0	277	277	
1.75	2	1	6	1	3	200	55400	200	55400	0.00471429	0	0.00471429	0.00471429	277	0	277	277	
1.75	2	1	7	21	3	200	55400	200	55400	0.00471429	0	0.00471429	0.00471429	277	0	277	277	
1.75	2	1	8	28	3	200	55400	200	55400	0.00471429	0	0.00471429	0.00471429	277	0	277	277	
1.75	2	1	9	22	3	200	55400	200	55400	0.00471429	0	0.00471429	0.00471429	277	0	277	277	
1.75	2	1	10	24	3	200	55400	200	55400	0.00471429	0	0.00471429	0.00471429	277	0	277	277	
2	2.25	1	1	14	3	200	55400	200	55400	0.00471429	0	0.00471429	0.00471429	277	0	277	277	
2	2.25	1	2	2	3	200	55400	200	55400	0.00471429	0	0.00471429	0.00471429	277	0	277	277	
2	2.25	1	3	3	3	200	55400	200	55400	0.00471429	0	0.00471429	0.00471429	277	0	277	277	
2	2.25	1	4	12	3	200	55400	200	55400	0.00471429	0	0.00471429	0.00471429	277	0	277	277	
2	2.25	1	5	15	3	200	55400	200	55400	0.00471429	0	0.00471429	0.00471429	277	0	277	277	
2	2.25	1	6	1	3	200	55400	200	55400	0.00471429	0	0.00471429	0.00471429	277	0	277	277	
2	2.25	1	7	21	3	200	55400	200	55400	0.00471429	0	0.00471429	0.00471429	277	0	277	277	
2	2.25	1	8	28	3	200	55400	200	55400	0.00471429	0	0.00471429	0.00471429	277	0	277	277	
2	2.25	1	9	22	3	200	55400	200	55400	0.00471429	0	0.00471429	0.00471429	277	0	277	277	
2	2.25	1	10	24	3	200	55400	200	55400	0.00471429	0	0.00471429	0.00471429	277	0	277	277	
2.25	2.5	1	1	14	3	200	55400	200	55400	0.00471429	0	0.00471429	0.00471429	277	0	277	277	
2.25	2.5	1	2	2	3	200	55400	200	55400	0.00471429	0	0.00471429	0.00471429	277	0	277	277	
2.25	2.5	1	3	3	3	200	55400	200	55400	0.00471429	0	0.00471429	0.00471429	277	0	277	277	
2.25	2.5	1	4	12	3	200	55400	200	55400	0.00471429	0	0.00471429	0.00471429	277	0	277	277	
2.25	2.5	1	5	15	3	200	55400	200	55400	0.00471429	0	0.00471429	0.00471429	277	0	277	277	
2.25	2.5	1	6	1	3	200	55400	200	55400	0.00471429	0	0.00471429	0.00471429	277	0	277	277	
2.25	2.5	1	7	21	3	200	55400	200	55400	0.00471429	0	0.00471429	0.00471429	277	0	277	277	
2.25	2.5	1	8	28	3	200	55400	200	55400	0.00471429	0	0.00471429	0.00471429	277	0	277	277	
2.25	2.5	1	9	22	3	200	55400	200	55400	0.00471429	0	0.00471429	0.00471429	277	0	277	277	
2.25	2.5	1	10	24	3	200	55400	200	55400	0.00471429	0	0.00471429	0.00471429	277	0	277	277	
2.5	2.75	1	1	14	3	200	55400	200	55400	0.00471429	0	0.00471429	0.00471429	277	0	277	277	
2.5	2.75	1	2	2	3	200	55400	200	55400	0.00471429	0	0.00471429	0.00471429	277	0	277	277	
2.5	2.75	1	3	3	3	200	55400	200	55400	0.00471429	0	0.00471429	0.00471429	277	0	277	277	
2.5	2.75	1	4	12	3	200	55400	200	55400	0.00471429	0	0.00471429	0.00471429	277	0	277	277	
2.5	2.75	1	5	15	3	200	55400	200	55400	0.00471429	0	0.00471429	0.00471429	277	0	277	277	
2.5	2.75	1	6	1	3	200	55400	200	55400	0.00471429	0	0.00471429	0.00471429	277	0	277	277	
2.5	2.75	1	7	21	3	200	55400	200	55400	0.00471429	0	0.00471429	0.00471429	277	0	277	277	
2.5	2.75	1	8	28	3	200	55400	200	55400	0.00471429	0	0.00471429	0.00471429	277	0	277	277	
2.5	2.75	1	9	22	3	200	55400	200	55400	0.00471429	0	0.00471429	0.00471429	277	0	277	277	
2.5	2.75	1	10	24	3	200	55400	200	55400	0.00471429	0	0.00471429	0.00471429	277	0	277	277	
2.75	3	1	1	14	3	200	55400	200	55400	0.00471429	0	0.00471429	0.00471429	277	0	277	277	
2.75	3	1	2	2	3	200	55400	200	55400	0.00471429	0	0.00471429	0.00471429	277	0	277	277	
2.75	3	1	3	3	3	200	55400	200	55400	0.00471429	0	0.00471429	0.00471429	277	0	277	277	
2.75	3	1	4	12	3	200	55400	200	55400	0.00471429	0	0.00471429	0.00471429	277	0	277	277	
2.75	3	1	5	15	3	200	55400	200	55400	0.00471429	0	0.00471429	0.00471429	277	0	277	277	
2.75	3	1	6	1	3	200	55400	200	55400	0.00471429	0	0.00471429	0.00471429	277	0	277	277	
2.75	3	1	7	21	3	200	55400	200	55400	0.00471429	0	0.00471429	0.00471429	277	0	277	277	
2.75	3	1	8	28	3	200	55400	200	55400	0.00471429	0	0.00471429	0.00471429	277	0	277	277	
2.75	3	1	9	22	3	200	55400	200	55400	0.00471429	0	0.00471429	0.00471429	277	0	277	277	
2.75	3	1	10	24	3	200	55400	200	55400	0.00471429	0	0.00471429	0.00471429	277	0	277	277	
3	3.25	1	1	14	3	200	55400	200	55400	0.00471429	0	0.00471429	0.00471429	277	0	277	277	
3	3.25	1	2	2	3	200	55400	200	55400	0.00471429	0	0.00471429	0.00471429	277	0	277	277	
3	3.25	1	3	3	3	200	55400	200	55400	0.00471429	0	0.00471429	0.00471429	277	0	277	277	
3	3.25	1	4	12	3	200	55400	200	55400	0.00471429	0	0.00471429	0.00471429	277	0	277	277	
3	3.25	1	5	15	3	200	55400	200	55400	0.00471429	0	0.00471429	0.00471429	277	0	277	277	
3	3.25	1	6	1	3	200	55400	200	55400	0.00471429	0	0.00471429	0.00471429	277	0	277	277	
3	3.25	1	7	21	3	200	55400	200	55400	0.00471429	0	0.00471429	0.00471429	277	0	277	277	
3	3.25	1	8	28	3	200	55400	200	55400	0.00471429	0	0.00471429	0.00471429	277	0	277	277	
3	3.25	1	9	22	3	200	55400	200	55400	0.00471429	0	0.00471429	0.00471429	277	0	277	277	
3	3.25	1	10	24	3	200	55400	200	55400	0.00471429	0	0.00471429	0.00471429	277	0	277	277	
3.25	3.5	1	1	14	3	200	55400	200	55400	0.00471429	0	0.00471429	0.00471429	277	0	277	277	
3.25	3.5	1	2	2	3	200	55400	200	55400	0.00471429	0	0.00471429	0.00471429	277	0	277	277	
3.25	3.5	1	3	3	3	200	55400	200	55400	0.00471429	0	0.00471429	0.00471429	277	0	277	277	
3.25	3.5	1	4	12	3	200	55400	200	55400	0.00471429	0	0.00471429	0.00471429	277	0	277	277	
3.25	3.5	1	5	15	3	200	55400	200	55400	0.00471429	0	0.00471429	0.00471429	277	0	277	277	
3.25	3.5	1	6	1	3	200	55400	200	55400	0.00471429	0	0.00471429	0.00471429	277	0	277	277	
3.25	3.5	1	7	21	3	200	55400	200	55400	0.00471429	0	0.00471429	0.00471429	277	0	277	277	
3.25	3.5	1	8	28	3	200	55400	200	55400	0.00471429	0	0.00471429	0.00471429	277	0	277	277	
3.25	3.5	1	9	22	3	200	55400	200	55400	0.00471429	0	0.00471429	0.00471429	277	0	277	277	
3.25	3.5	1	10	24	3	200	55400	200	55400	0.00471429	0	0.00471429	0.00471429	277	0	277	277	
3.5	3.75	1	1	14	3	200	55400	200	55400	0.00471429	0	0.00471429	0.00471429	277	0	277	277	
3.5	3.75	1	2	2	3	200	55400	200	55400	0.00471429	0	0.00471429	0.00471429	277	0	277	277	
3.5	3.75	1	3	3	3	200	55400	200	55400	0.00471429	0	0.00471429	0.00471429	277	0	277	277	
3.5	3.75	1	4	12	3	200	55400	200	55400	0.00471429	0	0.00471429	0.00471429	277	0	277	277	
3.5	3.75	1	5	15	3	200	55400	200	55400	0.00471429	0	0.00471429	0.00471429	277	0	277	277	
3.5	3.75	1	6	1	3	200	55400	200	55400	0.00471429	0	0.00471429	0.00471429	277	0	277	277	
3.5	3.75	1	7	21	3	200	55400	200	55400	0.00471429	0	0.00471429	0.00471429	277	0	277	277	
3.5	3.75	1	8	28	3	200	55400	200	55400	0.00471429	0	0.00471429	0.00471429	277	0	277	277	
3.5	3.75	1	9	22	3	200	55400	200	55400	0.00471429	0	0.00471429	0.00471429	277	0	277	277	
3.5	3.75	1	10	24	3	200	55400	200	55400	0.00471429	0	0.00471429	0.00471429	277	0	277	277	
3.75	4	1	1	14	3	200	55400	200	55400	0.00471429	0	0.00471429	0.00471429	277	0	277	277	
3.75	4	1	2	2	3	200	55400	200	55400	0.00471429	0	0.00471429	0.00471429	277	0	277	277	
3.75	4	1	3	3	3	200	55400	200	55400	0.00471429	0	0.00471429	0.00471429	277	0	277	277	
3.75	4	1	4	12	3	200	55400	200	55400	0.00471429	0	0.00471429	0.00471429	277	0	277	277	
3.75	4	1	5	15	3	200	55400	200	55400	0.00471429	0	0.00471429	0.00471429	277	0	277	277	
3.75	4	1	6	1	3	200	55400	200	55400	0.00471429	0	0.00471429	0.00471429	277	0	277	277	
3.75	4	1	7	21	3	200	55400	200	55400	0.00471429	0	0.00471429	0.00471429	277	0	277	277	
3.75	4	1	8	28	3	200	55400	200	55400	0.00471429	0	0.00471429	0.00471429	277	0	277	277	
3.75	4	1	9	22	3	200	55400	200	55400	0.00471429	0	0.00471429	0.00471429	277	0	277	277	
3.75	4	1	10	24	3	200	55400	200	55400	0.00471429	0	0.00471429	0.00471429	277	0	277	277	
4	4.25	1	1	14	3	200	55400	200	55400	0.00471429	0	0.00471429	0.00471429	277	0	277	277	
4	4.25	1	2	2	3	200	55400	200	55400	0.00471429	0	0.00471429	0.00471429	277	0	277	277	
4	4.25	1	3	3	3	200	55400	200	55400	0.00471429	0	0.00471429	0.00471429	277	0	277	277	
4	4.25	1	4	12	3	200	55400	200	55400	0.00471429	0	0.00471429	0.00471429	277	0	277	277	
4	4.25	1	5	15	3	200	55400	200	55400	0.00471429	0	0.00471429	0.00471429	277	0	277	277	
4	4.25	1	6	1	3	200	55400	200	55400	0.00471429	0	0.00471429	0.00471429	277	0	277	277	
4	4.25	1	7	21	3	200	55400	200	55400	0.00471429	0	0.00471429	0.00471429	277	0	277	277	
4	4.25	1	8	28	3	200	55400	200	55400	0.00471429	0	0.00471429	0.00471429	277	0	277	277	
4	4.25	1	9	22	3	200	55400	200	55400	0.00471429	0	0.00471429	0.00471429	277	0	277	277	
4	4.25	1	10	24	3	200	55400	200	55400	0.00471429	0	0.00471429	0.00471429	277	0	277	277	
4.25	4.5	1	1	14	3	200	55400	200	55400	0.00471429	0	0.00471429	0.00471429	277	0	277	277	
4.25	4.5	1	2	2	3	200	55400	200	55400	0.00471429	0	0.00471429	0.00471429	277	0	277	277	
4.25	4.5	1	3	3	3	200	55400	200	55400	0.00471429	0	0.00471429	0.00471429	277	0	277	277	
4.25	4.5	1	4	12	3	200	55400	200	55400	0.00471429	0	0.00471429	0.00471429	277	0	277	277	
4.25	4.5	1	5	15	3	200	55400	200	55400	0.00471429	0	0.00471429	0.00471429	277	0	277	277	
4.25	4.5	1	6	1	3	200	55400	200	55400	0.00471429	0	0.00471429	0.00471429	277	0	277	277	
4.25	4.5	1	7	21	3	200	55400	200	55400	0.00471429	0	0.00471429	0.00471429	277	0	277	277	
4.25	4.5	1	8	28	3	200	55400	200	55400	0.00471429	0	0.00471429	0.00471429	277	0	277	277	
4.25	4.5	1	9	22	3	200	55400	200	55400	0.00471429	0	0.00471429	0.00471429	277	0	277	277	
4.25	4.5	1	10	24	3	200	55400	200	55400	0.00471429	0	0.00471429	0.00471429	277	0	277	277	
4.5	4.75	1	1	14	3	200	55400	200	55400	0.00471429	0	0.00471429	0.00471429	277	0	277	277	
4.5	4.75	1	2	2	3	200	55400	200	55400	0.00471429	0	0.00471429	0.00471429	277	0	277	277	
4.5	4.75	1	3	3	3	200	55400	200	55400	0.00471429	0	0.00471429	0.00471429	277	0	277	277	
4.5	4.75	1	4	12	3	200	55400	200	55400	0.00471429	0	0.00471429	0.00471429	277	0	277	277	
4.5	4.75	1	5	15	3	200	55400	200	55400	0.00471429	0	0.00471429	0.00471429	277	0	277	277	
4.5	4.75	1	6	1	3	200	55400	200	55400	0.00471429	0	0.00471429	0.00471429	277	0	277	277	
4.5	4.75	1	7	21	3	200	55400	200	55400	0.00471429	0	0.00471429	0.00471429	277	0	277	277	
4.5	4.75	1	8	28	3	200	55400	200	55400	0.00471429	0	0.00471429	0.00471429	277	0	277	277	
4.5	4.75	1	9	22	3	200	55400	200	55400	0.00471429	0	0.00471429	0.00471429	277	0	277	277	
4.5	4.75	1	10	24	3	200	55400	200	55400	0.00471429	0	0.00471429	0.00471429	277	0	277	277	
4.75	5	1	1	14	3	200	55400	200	55400	0.00471429	0	0.00471429	0.00471429	277	0	277	277	
4.75	5	1	2	2	3	200	55400	200	55400	0.00471429	0	0.00471429	0.00471429	277	0	277	277	
4.75	5	1	3	3	3	200	55400	200	55400	0.00471429	0	0.00471429	0.00471429	277	0	277	277	
4.75	5	1	4	12	3	200	55400	200	55400	0.00471429	0	0.00471429	0.00471429	277	0	277	277	
4.75	5	1	5	15	3	200	55400	200	55400	0.00471429	0	0.00471429	0.00471429	277	0	277	277	
4.75	5	1	6	1	3	200	55400	200	55400	0.00471429	0	0.00471429	0.00471429	277	0	277	277	
4.75	5	1	7	21	3	200	55400	200	55400	0.00471429	0	0.00471429	0.00471429	277	0	277	277	
4.75	5	1	8	28	3	200	55400	200	55400	0.00471429	0	0.00471429	0.00471429	277	0	277	277	
4.75	5	1	9	22	3	200	55400	200	55400	0.00471429	0	0.00471429	0.00471429	277	0	277	277	
4.75	5	1	10	24	3	200	55400	200	55400	0.00471429	0	0.00471429	0.00471429	277	0	277	277	
5	5.25	1	1	14	3	200	55400	200	55400	0.00471429	0	0.00471429	0.00471429	277	0	277	277	
5	5.25	1	2	2	3	200	55400	200	55400	0.00471429	0	0.00471429	0.00471429	277	0	277	277	
5	5.25	1	3	3	3	200	55400	200	55400	0.00471429	0	0.00471429	0.00471429	277	0	277	277	
5	5.25	1	4	12	3	200	55400	200	55400	0.00471429	0	0.00471429	0.00471429	277	0	277	277	
5	5.25	1	5	15	3	200	55400	200	55400	0.00471429	0	0.00471429	0.00471429	277	0	277	277	
5	5.25	1	6	1	3	200	55400	200	55400	0.00471429	0	0.00471429	0.00471429	277	0	277	277	
5	5.25	1	7	21	3	200	55400	200	55400	0.00471429	0	0.00471429	0.00471429	277	0	277	277	
5	5.25	1	8	28	3	200	55400	200	55400	0.00471429	0	0.00471429	0.00471429	277	0	277	277	
5	5.25	1	9	22	3	200	55400	200	55400	0.00471429	0	0.00471429	0.00471429	277	0	277	277	
5	5.25	1	10	24	3	200	55400	200	55400	0.00471429	0	0.00471429	0.00471429	277	0	277	277	
5.25	5.5	1	1	14	3	200	55400	200	55400	0.00471429	0	0.00471429	0.00471429	277	0	277	277	
5.25	5.5	1	2	2	3	200	55400	200	55400	0.00471429	0	0.00471429	0.00471429	277	0	277	277	
5.25	5.5	1	3	3	3	200	55400	200	55400	0.00471429	0	0.00471429	0.00471429	277	0	277	277	
5.25	5.5	1	4	12	3	200	55400	200	55400	0.00471429	0	0.00471429	0.00471429	277	0	277	277	
5.25	5.5	1	5	15	3	200	55400	200	55400	0.00471429	0	0.00471429	0.00471429	277	0	277	277	
5.25	5.5	1	6	1	3	200	55400	200	55400	0.00471429	0	0.00471429	0.00471429	277	0	277	277	
5.25	5.5	1	7	21	3	200	55400	200	55400	0.00471429	0	0.00471429	0.00471429	277	0	277	277	
5.25	5.5	1	8	28	3	200	55400	200	55400	0.00471429	0	0.00471429	0.00471429	277	0	277	277	
5.25	5.5	1	9	22	3	200	55400	200	55400	0.00471429	0	0.00471429	0.00471429	277	0	277	277	
5.25	5.5	1	10	24	3	200	55400	200	55400	0.00471429	0	0.00471429	0.00471429	277	0	277	277	
5.5	5.75	1	1	14	3	200	55400	200	55400	0.00471429	0	0.00471429	0.00471429	277	0	277	277	
5.5	5.75	1	2	2	3	200	55400	200	55400	0.00471429	0	0.00471429	0.00471429	277	0	277	277	
5.5	5.75	1	3	3	3	200	55400	200	55400	0.00471429	0	0.00471429	0.00471429	277	0	277	277	
5.5	5.75	1	4	12	3	200	55400	200	55400	0.00471429	0	0.00471429	0.00471429	277	0	277	277	
5.5	5.75	1	5	15	3	200	55400	200	55400	0.00471429	0	0.00471429	0.00471429	277	0	277	277	
5.5	5.75	1	6	1	3	200	55400	200	55400	0.00471429	0	0.00471429	0.00471429	277	0	277	277	
5.5	5.75	1	7	21	3	200	55400	200	55400	0.00471429	0	0.00471429	0.00471429	277	0	277	277	
5.5	5.75	1	8	28	3	200	55400	200	55400	0.00471429	0	0.00471429	0.00471429	277	0	277	277	
5.5	5.75	1	9	22	3	200	55400	200	55400	0.00471429	0	0.00471429	0.00471429	277	0	277	277	
5.5	5.75	1	10	24	3	200	55400	200	55400	0.00471429	0	0.00471429	0.00471429	277	0	277	277	
5.75	6	1	1	14	3	200	55400	200	55400	0.00471429	0	0.00471429	0.00471429	277	0	277	277	
5.75	6	1	2	2	3	200	55400	200	55400	0.00471429	0	0.00471429	0.00471429	277	0	277	277	
5.75	6	1	3	3	3	200	55400	200	55400	0.00471429	0	0.00471429	0.00471429	277	0	277	277	
5.75	6	1	4	12	3	200	55400	200	55400	0.00471429	0	0.00471429	0.00471429	277	0	277	277	
5.75	6	1	5	15	3	200	55400	200	55400	0.00471429	0	0.00471429	0.00471429	277	0	277	277	
5.75	6	1	6	1	3	200	55400	200	55400	0.00471429	0	0.00471429	0.00471429	277	0	277	277	
5.75	6	1	7	21	3	200	55400	200	55400	0.00471429	0	0.00471429	0.00471429	277	0	277	277	
5.75	6	1	8	28	3	200	55400	200	55400	0.00471429	0	0.00471429	0.00471429	277	0	277	277	
5.75	6	1	9	22	3	200	55400	200	55400	0.00471429	0	0.00471429	0.00471429	277	0	277	277	
5.75	6	1	10	24	3	200	55400	200	55400	0.00471429	0	0.00471429	0.00471429	277	0	277	277	
6	6.25	1	1	14	3	200	55400	200	55400	0.00471429	0	0.00471429	0.00471429	277	0	277	277	
6	6.25	1	2	2	3	200	55400	200	55400	0.00471429	0	0.00471429	0.00471429	277	0	277	277	
6	6.25	1	3	3	3	200	55400	200	55400	0.00471429	0	0.00471429	0.00471429	277	0	277	277	
6	6.25	1	4	12	3	200	55400	200	55400	0.00471429	0	0.00471429	0.00471429	277	0	277	277	
6	6.25	1	5	15	3	200	55400	200	55400	0.00471429	0	0.00471429	0.00471429	277	0	277	277	
6	6.25	1	6	1	3	200	55400	200	55400	0.00471429	0	0.00471429	0.00471429	277	0	277	277	
6	6.25	1	7	21	3	200	55400	200	55400	0.00471429	0	0.00471429	0.00471429	277	0	277	277	
6	6.25	1	8	28	3	200	55400	200	55400	0.00471429	0	0.00471429	0.00471429	277	0	277	277	
6	6.25	1	9	22	3	200	55400	200	55400	0.00471429	0	0.00471429	0.00471429	277	0	277	277	
6	6.25	1	10	24	3	200	55400	200	55400	0.00471429	0	0.00471429	0.00471429	277	0	277	277	
6.25	6.5	1	1	14	3	200	55400	200	55400	0.00471429	0	0.00471429	0.00471429	277	0	277	277	
6.25	6.5	1	2	2	3	200	55400	200	55400	0.00471429	0	0.00471429	0.00471429	277	0	277	277	
6.25	6.5	1	3	3	3	200	55400	200	55400	0.00471429	0	0.00471429	0.00471429	277	0	277	277	
6.25	6.5	1	4	12	3	200	55400	200	55400	0.00471429	0	0.00471429	0.00471429	277	0	277	277	
6.25	6.5	1	5	15	3	200	55400	200	55400	0.00471429	0	0.00471429	0.00471429	277	0	277	277	
6.25	6.5	1	6	1	3	200	55400	200	55400	0.00471429	0	0.00471429	0.00471429	277	0	277	277	
6.25	6.5	1	7	21	3	200	55400	200	55400	0.00471429	0	0.00471429	0.00471429	277	0	277	277	
6.25	6.5	1	8	28	3	200	55400	200	55400	0.00471429	0	0.00471429	0.00471429	277	0	277	277	
6.25	6.5	1	9	22	3	200	55400	200	55400	0.00471429	0	0.00471429	0.00471429	277	0	277	277	
6.25	6.5	1	10	24	3	200	55400	200	55400	0.00471429	0	0.00471429	0.00471429	277	0	277	277	
6.5	6.75	1	1	14	3	200	55400	200	55400	0.00471429	0	0.00471429	0.00471429	277	0	277	277	
6.5	6.75	1	2	2	3	200	55400	200	55400	0.00471429	0	0.00471429	0.00471429	277	0	277	277	
6.5	6.75	1	3	3	3	200	55400	200	55400	0.00471429	0	0.00471429	0.00471429	277	0	277	277	
6.5	6.75	1	4	12	3	200	55400	200	55400	0.00471429	0	0.00471429	0.00471429	277	0	277	277	
6.5	6.75	1	5	15	3	200	55400	200	55400	0.00471429	0	0.00471429	0.00471429	277	0	277	277	
6.5	6.75	1	6	1	3	200	55400	200	55400	0.00471429	0	0.00471429	0.00471429	277	0	277	277	
6.5	6.75	1	7	21	3	200	55400	200	55400	0.00471429	0	0.00471429	0.00471429	277	0	277	277	
6.5	6.75	1	8	28	3	200	55400	200	55400	0.00471429	0	0.00471429	0.00471429	277	0	277	277	
6.5	6.75	1	9	22	3	200	55400	200	55400	0.00471429	0	0.00471429	0.00471429	277	0	277	277	
6.5	6.75	1	10	24	3	200	55400	200	55400	0.00471429	0	0.00471429	0.00471429	277	0	277	277	
6.75	7	1	1	14	3	200	55400	200	55400	0.00471429	0	0.00471429	0.00471429	277	0	277	277	
6.75	7	1	2	2	3	200	55400	200	55400	0.00471429	0	0.00471429	0.00471429	277	0	277	277	
6.75	7	1	3	3	3	200	55400	200	55400	0.00471429	0	0.00471429	0.00471429	277	0	277	277	
6.75	7	1	4	12	3	200	55400	200	55400	0.00471429	0	0.00471429	0.00471429	277	0	277	277	
6.75	7	1	5	15	3	200	55400	200	55400	0.00471429	0	0.00471429	0.00471429	277	0	277	277	
6.75	7	1	6	1	3	200	55400	200	55400	0.00471429	0	0.00471429	0.00471429	277	0	277	277	
6.75	7	1	7	21	3	200	55400	200	55400	0.00471429	0	0.00471429	0.00471429	277	0	277	277	
6.75	7	1	8	28	3	200	55400	200	55400	0.00471429	0	0.00471429	0.00471429	277	0	277	277	
6.75	7	1	9	22	3	200	55400	200	55400	0.00471429	0	0.00471429	0.00471429	277	0	277	277	
6.75	7	1	10	24	3	200	55400	200	55400	0.00471429	0	0.00471429	0.00471429	277	0	277	277	
7	7.25	1	1	14	3	200	55400	200	55400	0.00471429	0	0.00471429	0.00471429	277	0	277	277	
7	7.25	1	2	2	3	200	55400	200	55400	0.00471429	0	0.00471429	0.00471429	277	0	277	277	
7	7.25	1	3	3	3	200	55400	200	55400	0.00471429	0	0.00471429	0.00471429	277	0	277	277	
7	7.25	1	4	12	3	200	55400	200	55400	0.00471429	0	0.00471429	0.00471429	277	0	277	277	
7	7.25	1	5	15	3	200	55400	200	55400	0.00471429	0	0.00471429	0.00471429	277	0	277	277	
7	7.25	1	6	1	3	200	55400	200	55400	0.00471429	0	0.00471429	0.00471429	277	0	277	277	
7	7.25	1	7	21	3	200	55400	200	55400	0.00471429	0	0.00471429	0.00471429	277	0	277	277	
7	7.25	1	8	28	3	200	55400	200	55400	0.00471429	0	0.00471429	0.00471429	277	0	277	277	
7	7.25	1	9	22	3	200	55400	200	55400	0.00471429	0	0.00471429	0.00471429	277	0	277	277	
7	7.25	1	10	24	3	200	55400	200	55400	0.00471429	0	0.00471429	0.00471429	277	0	277	277	
7.25	7.5	1	1	14	3	200	55400	200	55400	0.00471429	0	0.00471429	0.00471429	277	0	277	277	
7.25	7.5	1	2	2	3	200	55400	200	55400	0.00471429	0	0.00471429	0.00471429	277	0	277	277	
7.25	7.5	1	3	3	3	200	55400	200	55400	0.00471429	0	0.00471429	0.00471429	277	0	277	277	
7.25	7.5	1	4	12	3	200	55400	200	55400	0.00471429	0	0.00471429	0.00471429	277	0	277	277	
7.25	7.5	1	5	15	3	200	55400	200	55400	0.00471429	0	0.00471429	0.00471429	277	0	277	277	
7.25	7.5	1	6	1	3	200	55400	200	55400	0.00471429	0	0.00471429	0.00471429	277	0	277	277	
7.25	7.5	1	7	21	3	200	55400	200	55400	0.00471429	0	0.00471429	0.00471429	277	0	277	277	
7.25	7.5	1	8	28	3	200	55400	200	55400	0.00471429	0	0.00471429	0.00471429	277	0	277	277	
7.25	7.5	1	9	22	3	200	55400	200	55400	0.00471429	0	0.00471429	0.00471429	277	0	277	277	
7.25	7.5	1	10	24	3	200	55400	200	55400	0.00471429	0	0.00471429	0.00471429	277	0	277	277	
7.5	7.75	1	1	14	3	200	55400	200	55400	0.00471429	0	0.00471429	0.00471429	277	0	277	277	
7.5	7.75	1	2	2	3	200	55400	200	55400	0.00471429	0	0.00471429	0.00471429	277	0	277	277	
7.5	7.75	1	3	3	3	200	55400	200	55400	0.00471429	0	0.00471429	0.00471429	277	0	277	277	
7.5	7.75	1	4	12	3	200	55400	200	55400	0.00471429	0	0.00471429	0.00471429	277	0	277	277	
7.5	7.75	1	5	15	3	200	55400	200	55400	0.00471429	0	0.00471429	0.00471429	277	0	277	277	
7.5	7.75	1	6	1	3	200	55400	200	55400	0.00471429	0	0.00471429	0.00471429	277	0	277	277	
7.5	7.75	1	7	21	3	200	55400	200	55400	0.00471429	0	0.00471429	0.00471429	277	0	277	277	
7.5	7.75	1	8	28	3	200	55400	200	55400	0.00471429	0	0.00471429	0.00471429	277	0	277	277	
7.5	7.75	1	9	22	3	200	55400	200	55400	0.00471429	0	0.00471429	0.00471429	277	0	277	277	
7.5	7.75	1	10	24	3	200	55400	200	55400	0.00471429	0	0.00471429	0.00471429	277	0	277	277	
7.75	8	1	1	14	3	200	55400	200	55400	0.00471429	0	0.00471429	0.00471429	277	0	277	277	
7.75	8	1	2	2	3	200	55400	200	55400	0.00471429	0	0.00471429	0.00471429	277	0	277	277	
7.75	8	1	3	3	3	200	55400	200	55400	0.00471429	0	0.00471429	0.00471429	277	0	277	277	
7.75	8	1	4	12	3	200	55400	200	55400	0.00471429	0	0.00471429	0.00471429	277	0	277	277	
7.75	8	1	5	15	3	200	55400	200	55400	0.00471429	0	0.00471429	0.00471429	277	0	277	277	
7.75	8	1	6	1	3	200	55400	200	55400	0.00471429	0	0.00471429	0.00471429	277	0	277	277	
7.75	8	1	7	21	3	200	55400	200	55400	0.00471429	0	0.00471429	0.00471429	277	0	277	277	
7.75	8	1	8	28	3	200	55400	200	55400	0.00471429	0	0.00471429	0.00471429	277	0	277	277	
7.75	8	1	9	22	3	200	55400	200	55400	0.00471429	0	0.00471429	0.00471429	277	0	277	277	
7.75	8	1	10	24	3	200	55400	200	55400	0.00471429	0	0.00471429	0.00471429	277	0	277	277	
8	8.25	1	1	14	3	200	55400	200	55400	0.00471429	0	0.00471429	0.00471429	277	0	277	277	
8	8.25	1	2	2	3	200	55400	200	55400	0.00471429	0	0.00471429	0.00471429	277	0	277	277	
8	8.25	1	3	3	3	200	55400	200	55400	0.00471429	0	0.00471429	0.00471429	277	0	277	277	
8	8.25	1	4	12	3	200	55400	200	55400	0.00471429	0	0.00471429	0.00471429	277	0	277	277	
8	8.25	1	5	15	3	200	55400	200	55400	0.00471429	0	0.00471429	0.00471429	277	0	277	277	
8	8.25	1	6	1	3	200	55400	200	55400	0.00471429	0	0.00471429	0.00471429	277	0	277	277	
8	8.25	1	7	21	3	200	55400	200	55400	0.00471429	0	0.00471429	0.00471429	277	0	277	277	
8	8.25	1	8	28	3	200	55400	200	55400	0.00471429	0	0.00471429	0.00471429	277	0	277	277	
8	8.25	1	9	22	3	200	55400	200	55400	0.00471429	0	0.00471429	0.00471429	277	0	277	277	
8	8.25	1	10	24	3	200	55400	200	55400	0.00471429	0	0.00471429	0.00471429	277	0	277	277	
8.25	8.5	1	1	14	3	200	55400	200	55400	0.00471429	0	0.00471429	0.00471429	277	0	277	277	
8.25	8.5	1	2	2	3	200	55400	200	55400	0.00471429	0	0.00471429	0.00471429	277	0	277	277	
8.25	8.5	1	3	3	3	200	55400	200	55400	0.00471429	0	0.00471429	0.00471429	277	0	277	277	
8.25	8.5	1	4	12	3	200	55400	200	55400	0.00471429	0	0.00471429	0.00471429	277	0	277	277	
8.25	8.5	1	5	15	3	200	55400	200	55400	0.00471429	0	0.00471429	0.00471429	277	0	277	277	
8.25	8.5	1	6	1	3	200	55400	200	55400	0.00471429	0	0.00471429	0.00471429	277	0	277	277	
8.25	8.5	1	7	21	3	200	55400	200	55400	0.00471429	0	0.00471429	0.00471429	277	0	277	277	
8.25	8.5	1	8	28	3	200	55400	200	55400	0.00471429	0	0.00471429	0.00471429	277	0	277	277	
8.25	8.5	1	9	22	3	200	55400	200	55400	0.00471429	0	0.00471429	0.00471429	277	0	277	277	
8.25	8.5	1	10	24	3	200	55400	200	55400	0.00471429	0	0.00471429	0.00471429	277	0	277	277	
8.5	8.75	1	1	14	3	200	55400	200	55400	0.00471429	0	0.00471429	0.00471429	277	0	277	277	
8.5	8.75	1	2	2	3	200	55400	200	55400	0.00471429	0	0.00471429	0.00471429	277	0	277	277	
8.5	8.75	1	3	3	3	200	55400	200	55400	0.00471429	0	0.00471429	0.00471429	277	0	277	277	
8.5	8.75	1	4	12	3	200	55400	200	55400	0.00471429	0	0.00471429	0.00471429	277	0	277	277	
8.5	8.75	1	5	15	3	200	55400	200	55400	0.00471429	0	0.00471429	0.00471429	277	0	277	277	
8.5	8.75	1	6	1	3	200	55400	200	55400	0.00471429	0	0.00471429	0.00471429	277	0	277	277	
8.5	8.75	1	7	21	3	200	55400	200	55400	0.00471429	0	0.00471429	0.00471429	277	0	277	277	
8.5	8.75	1	8	28	3	200	55400	200	55400	0.00471429	0	0.00471429	0.00471429	277	0	277	277	
8.5	8.75	1	9	22	3	200	55400	200	55400	0.00471429	0	0.00471429	0.00471429	277	0	277	277	
8.5	8.75	1	10	24	3	200	55400	200	55400	0.00471429	0	0.00471429	0.00471429	277	0	277	277	
8.75	9	1	1	14	3	200	55400	200	55400	0.00471429	0	0.00471429	0.00471429	277	0	277	277	
8.75	9	1	2	2	3	200	55400	200	55400	0.00471429	0	0.00471429	0.00471429	277	0	277	277	
8.75	9	1	3	3	3	200	55400	200	55400	0.00471429	0	0.00471429	0.00471429	277	0	277	277	
8.75	9	1	4	12	3	200	55400	200	55400	0.00471429	0	0.00471429	0.00471429	277	0	277	277	
8.75	9	1	5	15	3	200	55400	200	55400	0.00471429	0	0.00471429	0.00471429	277	0	277	277	
8.75	9	1	6	1	3	200	55400	200	55400	0.00471429	0	0.00471429	0.00471429	277	0	277	277	
8.75	9	1	7	21	3	200	55400	200	55400	0.00471429	0	0.00471429	0.00471429	277	0	277	277	
8.75	9	1	8	28	3	200	55400	200	55400	0.00471429	0	0.00471429	0.00471429	277	0	277	277	
8.75	9	1	9	22	3	200	55400	200	55400	0.00471429	0	0.00471429	0.00471429	277	0	277	277	
8.75	9	1	10	24	3	200	55400	200	55400	0.00471429	0	0.00471429	0.00471429	277	0	277	277	
9	9.25	1	1	14	3	200	55400	200	55400	0.00471429	0	0.00471429	0.00471429	277	0	277	277	
9	9.25	1	2	2	3	200	55400	200	55400	0.00471429	0	0.00471429	0.00471429	277	0	277	277	
9	9.25	1	3	3	3	200	55400	200	55400	0.00471429	0	0.00471429	0.00471429	277	0	277	277	
9	9.25	1	4	12	3	200	55400	200	55400	0.00471429	0	0.00471429	0.00471429	277	0	277	277	
9	9.25	1	5	15	3	200	55400	200	55400	0.00471429	0	0.00471429	0.00471429	277	0	277	277	
9	9.25	1	6	1	3	200	55400	200	55400	0.00471429	0	0.00471429	0.00471429	277	0	277	277	
9	9.25	1	7	21	3	200	55400	200	55400	0.00471429	0	0.00471429	0.00471429	277	0	277	277	
9	9.25	1	8	28	3	200	55400	200	55400	0.00471429	0	0.00471429	0.00471429	277	0	277	277	
9	9.25	1	9	22	3	200	55400	200	55400	0.00471429	0	0.00471429	0.00471429	277	0	277	277	
9	9.25	1	10	24	3	200	55400	200	55400	0.00471429	0	0.00471429	0.00471429	277	0	277	277	
9.25	9.5	1	1	14	3	200	55400	200	55400	0.00471429	0	0.00471429	0.00471429	277	0	277	277	
9.25	9.5	1	2	2	3	200	55400	200	55400	0.00471429	0	0.00471429	0.00471429	277	0	277	277	
9.25	9.5	1	3	3	3	200	55400	200	55400	0.00471429	0	0.00471429	0.00471429	277	0	277	277	
9.25	9.5	1	4	12	3	200	55400	200	55400	0.00471429	0	0.00471429	0.00471429	277	0	277	277	
9.25	9.5	1	5	15	3	200	55400	200	55400	0.00471429	0	0.00471429	0.00471429	277	0	277	277	
9.25	9.5	1	6	1	3	200	55400	200	55400	0.00471429	0	0.00471429	0.00471429	277	0	277	277	
9.25	9.5	1	7	21	3	200	55400	200	55400	0.00471429	0	0.00471429	0.00471429	277	0	277	277	
9.25	9.5	1	8	28	3	200	55400	200	55400	0.00471429	0	0.00471429	0.00471429	277	0	277	277	
9.25	9.5	1	9	22	3	200	55400	200	55400	0.00471429	0	0.00471429	0.00471429	277	0	277	277	
9.25	9.5	1	10	24	3	200	55400	200	55400	0.00471429	0	0.00471429	0.00471429	277	0	277	277	
9.5	9.75	1	1	14	3	200	55400	200	55400	0.00471429	0	0.00471429	0.00471429	277	0	277	277	
9.5	9.75	1	2	2	3	200	55400	200	55400	0.00471429	0	0.00471429	0.00471429	277	0	277	277	
9.5	9.75	1	3	3	3	200	55400	200	55400	0.00471429	0	0.00471429	0.00471429	277	0	277	277	
9.5	9.75	1	4	12	3	200	55400	200	55400	0.00471429	0	0.00471429	0.00471429	277	0	277	277	
9.5	9.75	1	5	15	3	200	55400	200	55400	0.00471429	0	0.00471429	0.00471429	277	0	277	277	
9.5	9.75	1	6	1	3	200	55400	200	55400	0.00471429	0	0.00471429	0.00471429	277	0	277	277	
9.5	9.75	1	7	21	3	200	55400	200	55400	0.00471429	0	0.00471429	0.00471429	277	0	277	277	
9.5	9.75	1	8	28	3	200	55400	200	55400	0.00471429	0	0.00471429	0.00471429	277	0	277	277	
9.5	9.75	1	9	22	3	200	55400	200	55400	0.00471429	0	0.00471429	0.00471429	277	0	277	277	
9.5	9.75	1	10	24	3	200	55400	200	55400	0.00471429	0	0.00471429	0.00471429	277	0	277	277	
9.75	10	1	1	14	3	200	55400	200	55400	0.00471429	0	0.00471429	0.00471429	277	0	277	277	
9.75	10	1	2	2	3	200	55400	200	55400	0.00471429	0	0.00471429	0.00471429	277	0	277	277	
9.75	10	1	3	3	3	200	55400	200	55400	0.00471429	0	0.00471429	0.00471429	277	0	277	277	
9.75	10	1	4	12	3	200	55400	200	55400	0.00471429	0	0.00471429	0.00471429	277	0	277	277	
9.75	10	1	5	15	3	200	55400	200	55400	0.00471429	0	0.00471429	0.00471429	277	0	277	277	
9.75	10	1	6	1	3	200	55400	200	55400	0.00471429	0	0.00471429	0.00471429	277	0	277	277	
9.75	10	1	7	21	3	200	55400	200	55400	0.00471429	0	0.00471429	0.00471429	277	0	277	277	
9.75	10	1	8	28	3	200	55400	200	55400	0.00471429	0	0.00471429	0.00471429	277	0	277	277	
9.75	10	1	9	22	3	200	55400	200	55400	0.00471429	0	0.00471429	0.00471429	277	0	277	277	
9.75	10	1	10	24	3	200	55400	200	55400	0.00471429	0	0.00471429	0.00471429	277	0	277	277	
